            3.40           89.70           30.20
            5.10           55.70            9.90
            4.50           52.30           11.50
            3.50           47.00           11.20
            5.90           42.70            7.00
            5.10           30.60            6.90
            4.60           64.40           11.80
            5.00           51.00            9.60
            3.20           54.40           14.70
            3.40           45.70           13.20
            6.50           39.90            5.20
            4.40           40.30           13.70
            5.10           52.40           11.00
            5.80           43.90            8.00
            4.60           52.80           14.40
            7.20           65.80            7.80
            7.20           58.10            7.70
            4.40           58.50           12.10
            7.80           84.30           11.00
           16.00           96.50            6.00
           16.70          100.00            6.80
           15.20           92.30            5.20
           17.50           99.90            6.80
           16.20           93.50            6.10
           14.70          100.00            6.60
           15.30           99.90            5.90
           15.80          100.00            6.90
           18.30           96.30            5.70
           15.90          100.00            6.10
           16.10           92.50            6.10
            9.70           87.60            7.70
            6.90           53.60            6.60
           14.40           87.80            5.20
           14.90           34.50            4.69