103.9
105
105.8
106.7
107.2
107.7
107.9
108.2
108.6
109
109.6
109.8
110.5
111.2
111.8
112.4
112.8
113.5
113.8
113.8
114.2
114.7
115.4
115.7
117
118
119
119.6
120.3
120.8
121.2
121.2
121.5
122.1
122.5
122.9
123.4
123.9
124.7
125.3
125.7
125.9
126.1
126.4
126.7
127.1
127.8
128.4
128.8
129.4
129.9
130.4
130.8
131.5
131.8
132.1
132.4
133
133.5
133.8
134.4
134.8
135.1
135.7
136.1
136.4
136.6
136.8
137.1
137.3
137.7
137.9
138.2
138.5
138.9
139.3
139.6
140
140.4
140.5
140.8
141
141.3
141.9
142.5
143.1
143.8
144.6
145
145.7
146.2
146.3
146.6
146.9
147.5
147.9
148.5
149.7
150.6
151.1
151.8
152.5
152.8
153
153.4
153.8
154.4
154.6