pecho cintura cadera sexo
   34      30     32     m
   37      32     37     m
   38      30     36     m
   36      33     39     m
   38      29     33     m
   43      32     38     m
   40      33     42     m
   38      30     40     m
   40      30     37     m
   41      32     39     m
   36      24     35     f
   36      25     37     f
   34      24     37     f
   33      22     34     f
   36      26     38     f
   37      26     37     f
   34      25     38     f
   36      26     37     f
   38      28     40     f
   35      23     35     f